starting program
wasmManger instantiated <nil>
Loader:  0x100c24ea0
2026/02/02 13:53:42 this file exists!
{map[authors:[] name:noirtest type:bin] <nil> map[]}
params: [127 127 127]
results: []
2026/02/02 13:53:42 length 288
2026/02/02 13:53:42 Bytes Allocated! 288
[150 1 217 54 49 46 48 46 48 45 98 101 116 97 46 49 56 43 57 57 98 98 56 98 53 99 102 51 51 100 55 54 54 57 97 100 98 100 101 102 48 57 54 98 49 50 100 56 48 102 51 48 98 52 99 48 99 57 217 171 123 34 112 97 114 97 109 101 116 101 114 115 34 58 91 123 34 110 97 109 101 34 58 34 120 34 44 34 116 121 112 101 34 58 123 34 107 105 110 100 34 58 34 102 105 101 108 100 34 125 44 34 118 105 115 105 98 105 108 105 116 121 34 58 34 112 114 105 118 97 116 101 34 125 44 123 34 110 97 109 101 34 58 34 121 34 44 34 116 121 112 101 34 58 123 34 107 105 110 100 34 58 34 102 105 101 108 100 34 125 44 34 118 105 115 105 98 105 108 105 116 121 34 58 34 112 117 98 108 105 99 34 125 93 44 34 114 101 116 117 114 110 95 116 121 112 101 34 58 110 117 108 108 44 34 101 114 114 111 114 95 116 121 112 101 115 34 58 123 125 125 218 1 155 102 117 110 99 32 48 10 112 114 105 118 97 116 101 32 112 97 114 97 109 101 116 101 114 115 58 32 91 119 48 93 10 112 117 98 108 105 99 32 112 97 114 97 109 101 116 101 114 115 58 32 91 119 49 93 10 114 101 116 117 114 110 32 118 97 108 117 101 115 58 32 91 93 10 66 82 73 76 76 73 71 32 67 65 76 76 32 102 117 110 99 58 32 48 44 32 105 110 112 117 116 115 58 32 91 119 48 32 45 32 119 49 93 44 32 111 117 116 112 117 116 115 58 32 91 119 50 93 10 65 83 83 69 82 84 32 48 32 61 32 119 48 42 119 50 32 45 32 119 49 42 119 50 32 45 32 49 10 10 117 110 99 111 110 115 116 114 97 105 110 101 100 32 102 117 110 99 32 48 58 32 100 105 114 101 99 116 105 118 101 95 105 110 118 101 114 116 10 48 58 32 64 50 49 32 61 32 99 111 110 115 116 32 117 51 50 32 49 10 49 58 32 64 50 48 32 61 32 99 111 110 115 116 32 117 51 50 32 48 10 50 58 32 64 48 32 61 32 99 97 108 108 100 97 116 97 32 99 111 112 121 32 91 64 50 48 59 32 64 50 49 93 10 51 58 32 64 50 32 61 32 99 111 110 115 116 32 102 105 101 108 100 32 48 10 52 58 32 64 51 32 61 32 102 105 101 108 100 32 101 113 32 64 48 44 32 64 50 10 53 58 32 106 117 109 112 32 105 102 32 64 51 32 116 111 32 56 10 54 58 32 64 49 32 61 32 99 111 110 115 116 32 102 105 101 108 100 32 49 10 55 58 32 64 48 32 61 32 102 105 101 108 100 32 102 105 101 108 100 95 100 105 118 32 64 49 44 32 64 48 10 56 58 32 115 116 111 112 32 38 91 64 50 48 59 32 64 50 49 93 10 220 0 210 31 204 139 8 0 0 0 0 0 0 204 255 204 165 82 204 177 10 204 194 48 16 204 189 204 164 42 204 186 204 137 204 180 123 71 204 221 20 63 65 4 39 113 116 17 17 204 155 33 204 131 69 66 41 56 204 246 19 204 196 31 204 240 43 68 63 204 167 204 155 204 163 204 139 204 187 204 130 119 204 144 204 198 8 204 137 204 189 204 229 204 149 204 215 123 204 247 94 46 97 204 240 204 169 6 204 226 110 35 83 204 254 70 110 204 240 12 204 190 204 139 122 98 112 42 204 166 204 247 14 204 147 204 185 42 71 204 231 204 193 117 49 204 189 20 204 197 114 204 213 31 204 223 103 204 135 204 219 204 254 56 41 204 159 204 167 7 54 204 199 110 115 43 204 217 120 204 157 112 204 220 51 32 204 215 6 204 248 204 232 42 204 166 96 95 46 113 93 204 196 68 42 204 177 204 205 100 46 204 214 50 204 205 204 133 204 202 58 204 200 204 183 17 35 77 23 204 128 204 251 204 185 73 31 204 254 204 167 204 135 204 150 204 133 204 139 204 180 111 204 154 75 62 204 182 204 157 204 185 86 204 128 204 216 204 180 204 252 51 31 108 96 204 248 18 50 127 127 204 246 43 204 135 204 237 204 222 122 204 136 204 161 204 198 204 209 62 94 94 204 250 204 210 204 223 109 3 0 0 206 119 154 224 165] <- output bytes
Compiler instantiated &{{{} {{} 1} {{} {0 0}}} 0x1400000c1c8 <nil>}
Compiler failed to get &{{{} {{} 1} {{} {0 0}}} 0x1400000c1c8 <nil>}
--- FAIL: TestCompiler (2.17s)
panic: msgpack: invalid code=dc decoding string/bytes length [recovered]
	panic: msgpack: invalid code=dc decoding string/bytes length

goroutine 7 [running]:
testing.tRunner.func1.2({0x100ce6160, 0x14018b38020})
	/opt/homebrew/Cellar/go/1.24.4/libexec/src/testing/testing.go:1734 +0x1ac
testing.tRunner.func1()
	/opt/homebrew/Cellar/go/1.24.4/libexec/src/testing/testing.go:1737 +0x334
panic({0x100ce6160?, 0x14018b38020?})
	/opt/homebrew/Cellar/go/1.24.4/libexec/src/runtime/panic.go:792 +0x124
noir-go/internal/compiler.RawCompilerTest()
	/Users/yani/noir-go/internal/compiler/compiler_test.go:28 +0x238
noir-go/internal/compiler.TestCompiler(0x14000003880?)
	/Users/yani/noir-go/internal/compiler/compiler_test.go:12 +0x1c
testing.tRunner(0x14000003880, 0x100d44a70)
	/opt/homebrew/Cellar/go/1.24.4/libexec/src/testing/testing.go:1792 +0xe4
created by testing.(*T).Run in goroutine 1
	/opt/homebrew/Cellar/go/1.24.4/libexec/src/testing/testing.go:1851 +0x374
exit status 2
FAIL	noir-go/internal/compiler	2.183s
